21 224 : 38 45 71 88
21 113 : 10 11 17 99
250 784 : 37 101 105 136 153
874 1601 : 2 76 127 145
21 1118 : 4 60 69 88 93
21 212 329 666 932 : 5 26 27 28
21 70 : 2 11 16 17 43 83
182 711 : 30 131 171 186
329 666 1601 : 5 21 96 178
329 968 : 87 95 137 164 166
8 1154 : 13 115 125 144 154
666 1950 : 20 31 46 191
8 141 : 13 56 107 117
8 522 : 53 106 108 150 166 169
2 374 : 123 150 151 197
784 1669 : 97 101 105 136 153
57 540 : 22 64 67 77 98
216 711 : 45 119 131 139 142 171
8 277 942 : 56 126 148 181
468 942 : 44 118 140 148 159 163
216 380 : 81 118 119 122 132 142 163 171
21 250 666 : 12 26 27 28 29 73
1083 1195 1257 : 101 114 121 141 190
402 1093 : 24 122 139 150 163
20 22 : 116 128 129 167 182
13 24 1506 : 105 168 177 181
8 209 277 : 53 107 117 181
607 987 : 79 101 122 155
2 8 19 20 : 106 132 153 171
8 540 711 : 13 119 132 174
141 402 : 4 24 59 117
711 1093 : 9 135 139 163 171 186 190
277 711 : 1 128 139 161 171 174
380 977 : 99 117 137 200
277 380 : 78 104 117 119 124 132 171 174
264 553 : 91 108 122 135
277 1093 : 32 74 84 159
8 249 : 82 131 187 190
13 484 1093 : 34 139 142 181
991 1093 : 58 102 181 186
711 1950 : 10 118 186 189 198
141 1482 : 55 56 67 107
264 1093 : 58 135 139 171 192
21 400 : 10 18 38 60 80
1051 1093 : 9 102 181 191
8 661 : 82 136 144 153
1 21 27 666 932 : 25 26 28 29
374 650 : 20 102 158 194
8 457 : 82 126 140 180
21 402 : 12 64 71 72 89
21 250 329 : 4 26 27 28 29
327 711 : 23 147 163 198
8 277 750 : 32 33 53 189
388 579 : 113 135 148 165
215 666 : 35 166 191 200
8 666 : 13 50 166 191
1093 1570 : 58 159 163 180
666 874 : 12 21 100 145
125 224 : 8 13 25 88
21 57 141 : 4 18 25 74
122 968 : 65 125 135 138
141 1093 : 14 24 67 107 117
216 1154 : 77 118 121 122
2 122 : 125 167 175 177
600 942 : 31 109 111 114
21 124 : 2 38 46 60 92
15 20 : 114 124 171 188
422 711 : 43 104 142 184
13 1192 : 34 121 147 162 165 168
402 711 : 4 122 139 163
2 711 : 103 110 130 132 139 171 177 189
968 1338 : 71 121 141 155
329 400 666 : 20 33 34 96
1482 1609 : 29 32 129 168
8 484 : 82 115 148 151 181
942 968 : 7 112 166 173
277 388 977 : 15 107 117 148
