1 84 101 141 212 277 298 329 353 477 544 565 680 701 711 785 850 982 1206 1220 1292 1340 1445 1547 1571 1601 1615 1630 1668 1749 1889 
21 44 57 70 124 329 338 424 482 499 544 661 810 874 932 1543 1601 1622 1626 
44 202 256 785 1026 1108 1531 1836 1948 1960 1986 
21 57 141 154 178 231 250 329 402 711 751 1118 1163 1256 1445 1538 1583 1698 
12 21 23 28 57 91 106 141 212 329 459 666 932 977 1601 1639 1724 1725 1892 
1 27 28 40 175 231 338 482 799 1006 1009 1018 1110 1129 1307 1450 1506 1570 1724 
21 27 30 32 40 54 92 106 124 141 182 212 224 269 277 298 313 315 368 388 389 402 406 455 482 502 509 544 581 624 711 720 772 787 817 838 840 871 932 942 959 968 987 1018 1026 1044 1075 1081 1093 1118 1156 1163 1181 1220 1425 1444 1475 1482 1483 1574 1665 1794 1888 1889 1947 1950 1989 
41 125 224 386 466 577 632 1018 1136 1676 1966 
21 124 212 389 711 753 830 874 943 1049 1051 1055 1093 1163 1220 1616 
21 101 113 231 313 385 400 514 711 830 871 1110 1357 1411 1474 1570 1601 1682 1889 1950 
7 21 40 70 106 113 141 149 154 201 212 290 298 372 401 434 632 744 894 1105 1291 1420 1445 1483 1514 1730 1986 
21 141 250 256 298 402 666 772 781 874 1154 1192 1639 1766 
8 37 70 115 125 141 154 224 226 250 429 455 482 530 540 666 711 731 781 892 932 1154 1202 1220 1544 1609 1639 
21 141 250 331 422 444 544 666 1093 1125 1215 1499 1609 1676 1909 
28 30 57 64 277 388 400 480 564 648 883 977 1026 1724 1742 1903 
1 7 21 27 54 58 70 84 101 113 134 149 185 202 279 298 310 315 366 401 434 590 624 731 772 885 894 910 1081 1105 1291 1420 1696 1716 1960 
7 21 40 70 106 113 141 149 154 201 212 290 298 372 401 434 632 744 894 1105 1291 1420 1445 1483 1514 1730 1986 
1 21 51 57 70 134 136 141 212 223 224 269 276 400 518 544 632 781 1120 1407 
21 57 402 666 672 830 942 943 1444 1583 1616 
329 336 337 374 400 542 650 666 1033 1215 1220 1676 1950 1967 
41 84 125 224 321 329 465 544 564 565 666 693 874 900 1046 1108 1141 1202 1374 1440 1601 1676 1784 
57 71 101 224 540 693 795 1338 1539 1909 
163 264 327 397 420 514 627 695 696 711 756 758 786 842 950 975 982 1374 1571 1652 1671 
40 51 70 106 113 125 141 223 298 385 400 401 402 434 561 590 932 1004 1071 1093 1291 1325 1474 1615 1986 
1 21 27 57 70 124 125 141 224 259 292 388 401 406 482 540 611 666 679 696 791 874 932 1049 1051 1075 1093 1220 1444 1639 1641 1744 
1 21 27 29 54 58 84 151 212 250 269 321 329 376 389 428 455 480 529 564 607 632 666 684 817 932 1142 1218 1247 1248 1276 1371 1477 1482 1547 1730 1950 1994 
1 21 27 44 56 84 175 185 202 212 220 226 250 259 329 366 455 466 480 489 607 632 666 731 932 944 1026 1135 1172 1247 1248 1325 1482 1544 1547 1716 1730 1801 1889 
1 21 27 41 188 201 212 250 280 329 455 480 607 666 932 1009 1065 1247 1482 1547 1716 
1 21 27 28 147 185 212 216 250 276 306 329 455 480 564 607 666 817 932 968 1017 1023 1247 1248 1482 1547 1609 1677 1979 
7 21 28 30 44 57 90 124 141 150 182 212 238 253 294 330 386 389 407 542 544 601 624 647 711 763 804 837 879 886 907 915 941 993 1021 1049 1118 1137 1201 1203 1220 1234 1246 1314 1344 1359 1420 1424 1444 1459 1503 1516 1570 1671 1725 
21 258 348 600 626 666 738 795 832 858 871 942 943 1199 1329 1338 1347 1360 1441 1565 1934 1950 
8 85 87 182 277 541 616 632 654 731 732 750 874 886 950 1046 1093 1155 1234 1482 1513 1609 1661 1737 1766 1769 1916 1974 
8 44 70 115 157 226 264 277 290 329 368 400 455 666 688 691 706 750 758 839 840 871 1018 1154 1402 1452 1565 1641 1801 
13 21 141 329 400 484 666 675 810 1093 1100 1192 1306 1374 1407 1476 1479 1586 1601 1833 1844 1854 1909 
7 23 28 215 400 666 840 870 1218 1273 1410 1794 1953 
141 250 424 541 624 740 942 1093 1163 1192 1200 1314 1374 1414 1482 1513 1539 1744 1812 1914 
21 57 113 124 135 136 141 178 247 250 329 354 385 389 400 402 418 439 561 564 611 624 666 672 737 744 784 804 871 932 1047 1093 1100 1105 1163 1307 1347 1357 1415 1420 1444 1445 1459 1475 1532 1538 1564 1583 1605 1609 1639 1668 1671 1717 1719 1792 1794 1833 1950 1986 
21 58 62 116 124 185 220 224 279 400 721 943 1220 
25 127 212 247 348 353 422 541 679 810 1248 1374 1414 1643 1668 1828 1909 
7 12 28 35 57 60 209 212 329 380 571 666 799 1112 1117 1260 1381 1601 1687 1833 
9 36 54 105 108 124 145 286 299 313 348 349 369 400 402 426 459 533 540 712 738 804 822 830 1049 1063 1066 1068 1156 1157 1182 1199 1200 1220 1285 1306 1360 1631 1706 1737 
21 57 124 259 277 315 329 466 587 666 696 942 1218 1749 
1 21 27 30 40 56 70 212 269 422 477 576 711 871 1716 1744 
141 237 452 468 682 727 742 942 997 1001 1144 1172 1543 1997 
21 27 55 57 101 125 134 147 159 190 209 212 216 224 372 374 385 410 466 632 711 841 991 1136 1276 1459 1499 1989 
21 30 113 124 141 590 666 799 1075 1081 1093 1187 1291 1719 1950 
21 40 44 54 56 57 70 115 141 185 202 212 220 276 277 290 329 366 376 388 400 502 533 607 666 695 731 772 778 892 915 942 1023 1026 1093 1108 1142 1220 1248 1263 1407 1414 1475 1609 1676 1749 1761 1836 1889 1960 1986 
21 28 57 70 212 482 492 564 664 675 712 817 890 932 1049 1142 1162 1601 1794 1921 
1 7 9 21 28 35 57 62 64 124 125 145 209 268 276 372 385 422 564 626 632 784 876 893 1156 1163 1214 1220 1235 1374 1574 1608 1633 1641 1659 1986 
8 21 209 264 329 465 666 745 997 1533 1737 
57 109 163 212 250 264 277 329 388 424 473 480 533 541 542 656 711 740 890 944 949 958 1049 1091 1110 1137 1179 1194 1314 1374 1414 1415 1420 1459 1470 1482 1557 1559 1610 1668 1776 1812 1873 1880 1892 1910 1914 1977 
57 264 314 382 674 854 915 984 1118 1601 1784 1786 1908 1914 
4 8 36 101 130 164 175 209 277 420 522 737 750 799 804 827 871 883 1413 1547 1557 1591 1935 
57 124 141 264 382 674 984 1786 1950 1994 
62 141 286 312 518 564 624 630 639 673 730 751 906 943 1105 1475 1482 1660 1685 
8 27 101 134 141 269 270 276 277 466 502 704 750 942 1061 1137 1181 1289 1314 1327 1461 1481 1482 1497 1558 1621 1716 1730 1762 
1 51 70 134 277 329 362 400 420 437 533 541 624 711 750 807 812 816 838 879 976 1026 1049 1120 1192 1340 1397 1402 1470 1482 1601 1699 1737 1746 1762 1824 1835 1858 1948 
21 121 141 264 424 740 991 1093 1163 1220 1328 1414 1570 1913 
28 51 54 70 84 101 113 124 141 315 366 368 400 402 489 666 731 943 1009 1018 1049 1093 1196 1220 1227 1371 1615 1725 1771 
7 21 23 124 256 389 400 624 666 858 1049 1118 1142 1220 1238 1290 1444 1724 1794 1812 
79 124 316 465 480 712 784 1238 1413 1767 1797 1836 
28 329 614 666 744 863 883 932 1192 1242 1351 1363 1601 1635 1725 1794 
34 40 54 58 106 113 149 175 185 197 220 223 354 664 721 731 1052 1291 1338 
6 7 21 29 40 57 60 62 76 122 124 143 174 212 237 240 249 260 277 285 306 366 374 375 392 402 419 423 455 465 469 492 513 540 561 588 589 601 632 664 682 687 737 748 786 790 827 862 903 940 966 976 977 987 1012 1017 1045 1110 1132 1137 1144 1181 1199 1219 1222 1334 1413 1423 1464 1482 1518 1538 1547 1581 1586 1622 1623 1644 1671 1688 1699 1784 1794 1812 1829 1833 1840 1934 1966 1989 
34 122 154 175 212 310 561 581 810 851 855 968 987 1156 1276 1307 1357 1461 
51 54 113 310 366 368 406 544 731 932 1725 1771 
29 40 57 124 141 143 174 249 277 292 400 402 419 492 540 561 569 588 589 632 737 785 786 1012 1017 1093 1181 1199 1219 1222 1334 1423 1482 1518 1538 1547 1622 1623 1688 1699 1934 1966 1989 
102 141 212 268 313 338 540 616 675 883 915 1005 1508 1701 1812 
21 54 58 63 84 223 287 385 400 482 679 784 982 1045 1118 1156 1235 1547 1610 1892 1939 1986 
57 389 507 909 932 943 1015 1420 1959 
7 21 35 44 57 85 98 106 224 389 402 482 581 632 664 682 785 807 968 982 1049 1167 1181 1263 1338 1420 1444 1547 1601 1612 1668 1725 1892 1913 1986 
9 21 57 212 329 341 402 583 744 830 1120 1156 1420 1547 1609 1833 
21 40 62 70 226 250 258 259 313 329 666 761 817 932 1049 1072 1081 1163 1339 1483 1558 1594 1601 1641 1697 
21 32 57 116 141 212 277 413 1093 1888 
1 8 30 70 212 224 250 276 329 542 744 1019 
9 64 372 380 385 400 402 542 558 564 624 784 871 874 897 1063 1078 1246 1371 1461 1475 1516 1538 1601 1633 1641 1890 1904 1986 
37 57 216 329 406 442 477 480 482 540 689 744 915 943 988 1049 1081 1154 1188 1263 1324 1445 1650 1725 
113 212 224 277 289 310 380 430 696 706 781 1697 
28 44 57 70 141 389 533 542 544 561 607 804 885 987 1192 1420 1571 
21 141 185 224 315 354 396 400 407 422 1015 1517 
143 216 240 380 403 564 614 943 1018 1614 
8 21 57 155 249 285 330 457 484 542 661 802 950 1200 1499 1556 1676 1784 1845 1911 1988 
21 41 70 93 101 178 737 777 885 1129 1181 1794 
7 23 27 30 57 60 64 70 79 125 130 134 247 269 276 277 354 414 436 542 883 887 942 1042 1093 1239 1459 1725 1909 1910 
348 400 564 666 827 967 1049 1402 1476 1794 
156 258 310 329 358 381 422 441 666 942 1307 1934 
141 164 250 329 374 968 1154 1399 1668 1688 1936 
21 70 125 224 226 258 298 365 530 932 1049 1072 1118 1888 
1 21 32 40 54 58 106 113 125 175 178 185 202 212 220 221 223 224 247 276 310 315 336 354 366 370 385 386 400 401 402 455 480 533 611 624 656 731 787 810 838 840 850 910 932 933 982 1004 1023 1049 1071 1081 1085 1105 1118 1167 1248 1272 1273 1291 1325 1327 1381 1475 1583 1615 1697 1913 
21 54 57 92 124 149 220 315 354 624 688 1291 1327 1459 1483 1880 1960 1986 
249 264 329 553 613 649 842 977 982 1181 1547 1601 1788 1950 
21 40 54 101 106 113 116 124 134 141 149 178 185 259 298 310 315 349 401 402 406 407 413 418 711 744 770 787 1072 1085 1118 1213 1272 1291 1292 1325 1414 1583 1744 1880 1986 
21 35 56 102 212 268 369 388 441 542 627 704 750 785 868 879 950 968 1068 1093 1118 1136 1188 1419 1500 1543 1557 1570 1602 1616 1643 1737 1769 1839 
21 116 209 224 336 661 666 675 885 1374 1407 1643 1888 
7 28 29 40 57 64 76 87 97 101 124 125 187 199 216 235 247 278 314 321 329 346 386 388 389 411 455 589 647 661 682 696 836 837 842 887 942 968 987 1033 1055 1100 1147 1162 1192 1203 1220 1255 1261 1289 1327 1409 1432 1434 1452 1473 1482 1503 1520 1539 1570 1622 1686 1715 1725 1734 1774 1784 1788 1797 1950 1986 
44 70 85 115 136 157 226 258 277 329 338 368 400 455 477 666 688 691 695 706 763 778 871 936 1018 1154 1402 1452 1470 1565 1570 1601 1668 1749 1824 1846 
124 141 212 369 389 624 772 784 858 910 932 933 1030 1046 1049 1192 1200 1441 1609 1633 1669 1717 
7 21 28 29 30 37 40 44 51 54 57 58 70 76 79 84 87 115 125 223 276 310 389 401 406 477 482 540 544 588 624 688 691 706 750 932 1049 1071 1118 1220 1248 1255 1325 1444 1564 1601 1668 1699 1725 1811 1910 1986 
21 40 54 58 113 185 223 247 310 366 380 407 977 
106 212 329 666 810 874 991 1026 1049 1112 1137 1142 1420 1482 1614 1724 
79 147 250 376 428 524 579 607 661 683 695 784 987 1083 1091 1195 1257 1669 1783 1788 
8 19 85 158 261 335 364 374 375 376 457 468 484 490 574 614 618 650 684 733 752 903 991 1051 1093 1138 1181 1338 1359 1597 1636 1663 1694 1783 1788 1948 
2 4 33 39 405 623 711 824 1289 1533 1631 1704 1769 1824 
2 42 85 117 163 172 191 218 277 292 338 356 376 380 386 396 411 422 428 457 468 481 484 528 540 551 554 573 701 711 728 759 766 775 786 824 838 850 857 949 1033 1098 1165 1248 1253 1302 1335 1598 1769 1939 1993 
13 18 19 24 250 327 416 457 607 661 752 784 1010 1031 1083 1137 1195 1257 1280 1338 1405 1506 1520 1533 1669 
2 8 19 20 22 215 338 403 416 428 457 522 547 579 610 650 683 693 802 813 1626 1812 1814 
2 8 66 141 145 202 209 218 277 379 388 428 548 551 589 625 693 696 702 977 984 1038 1093 1137 1179 1265 1297 1482 1516 1571 1631 1677 1696 1769 1974 
2 8 18 22 46 72 102 122 191 240 255 264 356 408 411 416 469 475 522 551 553 607 693 879 1021 1061 1160 1179 1203 1308 1416 1631 1653 1936 1948 1974 1997 
2 22 42 62 66 67 104 112 155 172 207 222 373 403 420 423 428 443 465 539 540 553 600 645 717 825 829 857 942 1033 1091 1093 1114 1160 1192 1201 1280 1344 1382 1520 1596 1622 1686 1696 1757 1814 1823 1917 
2 18 29 31 46 67 72 102 136 144 145 147 191 194 216 219 233 249 257 277 308 335 356 374 396 411 457 475 520 559 569 613 616 644 661 677 684 701 711 739 778 839 863 864 873 911 930 950 968 998 1033 1061 1246 1251 1292 1327 1519 1532 1561 1570 1783 1825 1894 1936 1974 
18 20 42 46 117 122 182 306 390 440 509 573 600 606 654 661 693 701 711 785 860 863 942 1049 1056 1093 1246 1332 1446 1464 1506 1516 1613 1811 1979 
2 8 13 20 24 67 72 109 191 230 250 264 376 481 541 554 571 614 750 809 942 968 1200 1359 1470 1509 1570 1598 1677 1943 1974 
125 224 302 329 376 388 396 410 422 466 490 519 579 855 966 1023 1621 1909 1914 1950 1989 
15 20 47 208 374 465 600 754 766 942 949 1083 1195 1257 1432 
2 8 13 19 20 24 46 67 109 158 172 271 376 380 416 484 528 554 693 761 949 968 1063 1111 1154 1192 1366 1374 1420 1516 1570 1718 1828 1989 
20 22 31 46 372 547 624 664 966 1083 1165 1327 1677 
2 8 13 15 22 24 42 62 85 102 117 141 209 215 218 249 277 327 355 374 380 386 388 402 423 457 465 509 514 539 547 554 557 600 624 720 785 886 912 950 966 977 984 989 992 998 1093 1115 1167 1192 1206 1273 1323 1351 1366 1400 1482 1597 1653 1706 1877 1916 
2 8 19 20 42 46 50 109 142 147 158 163 172 182 216 230 261 271 294 327 335 374 376 380 386 453 457 468 481 519 554 566 578 579 613 645 650 661 701 711 750 752 775 784 802 803 824 874 917 942 968 986 1002 1010 1021 1135 1154 1192 1200 1237 1246 1248 1271 1313 1412 1504 1636 1656 1667 1671 1696 1824 1855 1950 1979 
8 13 19 20 24 42 46 79 85 109 163 216 219 230 243 261 277 282 335 380 437 501 509 540 567 568 581 624 644 690 711 789 844 950 966 1029 1076 1114 1165 1200 1248 1292 1313 1514 1520 1556 1571 1691 
2 15 18 22 50 67 117 215 261 264 277 402 428 484 494 509 540 541 554 650 661 684 702 742 799 844 889 942 977 990 992 1101 1233 1427 1430 1603 1609 1677 1744 1749 1800 
2 13 18 20 22 24 172 216 271 379 388 390 419 547 557 613 742 886 912 966 968 999 1033 1083 1154 1165 1192 1195 1201 1257 1283 1327 1338 1677 
2 8 15 18 19 20 22 31 46 47 50 101 102 109 122 133 145 155 172 182 191 207 216 219 233 238 255 264 292 317 327 335 359 374 376 380 386 388 390 402 408 411 416 427 444 445 469 472 475 476 478 484 491 505 509 513 536 541 553 568 569 585 607 620 624 627 645 654 679 683 701 711 728 749 761 785 829 837 865 871 874 919 968 986 987 990 1029 1056 1076 1078 1093 1106 1114 1119 1133 1137 1154 1169 1179 1211 1246 1252 1289 1314 1317 1341 1406 1416 1432 1434 1448 1451 1484 1497 1535 1545 1570 1572 1594 1631 1641 1686 1699 1743 1744 1769 1774 1781 1911 1930 1936 1956 1997 
2 13 20 24 33 47 101 163 209 327 374 376 390 490 501 677 737 1076 1244 1432 1570 1672 1881 
2 15 19 20 22 46 66 107 117 207 277 282 380 440 443 505 522 557 571 610 624 639 704 750 758 990 1102 1202 1206 1214 1280 1392 1434 1516 1589 1624 
2 8 19 72 85 98 122 209 257 261 374 477 508 509 513 610 616 654 693 823 903 931 968 1014 1154 1175 1221 1265 1292 1497 1514 1911 1955 
2 8 13 24 46 67 117 158 165 277 457 541 568 627 803 942 1000 1217 1220 1328 1351 1673 1696 
2 8 42 67 85 109 209 224 258 264 278 306 346 402 403 414 420 457 459 468 481 554 570 666 742 761 776 823 874 879 977 986 1115 1192 1234 1352 1374 1432 1555 1570 1571 1601 1653 1720 1769 1772 1784 1874 1916 1936 
8 15 19 20 22 44 47 100 102 158 163 182 218 230 261 264 277 280 327 338 374 376 428 457 461 468 484 490 509 560 567 645 684 697 711 733 752 776 792 797 802 836 880 920 991 1061 1089 1098 1137 1181 1228 1238 1241 1248 1355 1366 1432 1506 1515 1516 1533 1597 1626 1733 1772 1788 1870 1874 1879 1905 1921 1936 
8 13 15 20 22 24 33 47 158 218 277 335 338 461 490 567 645 704 733 854 1122 1206 1338 1432 1451 1482 1515 1597 1609 1626 1870 
2 329 386 541 563 711 800 802 871 1029 1089 1569 1879 1987 
8 15 22 67 85 172 182 216 249 445 468 557 600 711 720 728 733 751 754 759 944 1071 1080 1188 1252 1328 1497 1573 1741 1936 1945 1948 1997 
2 8 13 15 19 20 24 42 46 47 109 112 163 216 230 243 249 261 277 282 335 376 380 468 501 540 566 567 568 581 627 690 697 704 711 749 750 844 863 950 966 1051 1128 1165 1179 1200 1248 1252 1265 1292 1470 1514 1661 1676 1691 1710 1773 1799 1858 1989 1993 
257 553 600 1045 1206 1525 1614 1937 
33 145 393 437 461 467 616 701 711 732 872 1031 1115 1238 1613 1794 1880 1952 1967 
2 8 13 18 20 22 24 46 72 102 122 144 163 182 191 233 240 255 264 271 277 282 292 335 356 388 408 411 416 454 468 469 475 522 541 551 553 562 579 607 654 684 693 704 711 803 838 839 879 968 1021 1061 1093 1133 1137 1138 1160 1179 1203 1292 1308 1416 1422 1506 1609 1631 1653 1724 1743 1824 1834 1911 1936 1948 1974 1997 
8 18 163 182 224 250 468 607 661 683 784 1083 1098 1172 1195 1257 1482 1669 1673 1743 1997 
42 100 233 256 269 329 380 468 569 606 613 639 650 699 701 750 786 809 968 977 1049 1056 1317 1352 1464 1482 1506 1547 1620 
19 72 100 102 122 261 508 513 610 624 654 664 693 697 703 711 915 931 942 968 1101 1248 1292 1482 1631 1814 1835 
2 8 13 15 24 50 66 67 71 102 143 166 215 216 236 240 264 277 327 343 356 359 379 386 396 402 469 484 516 551 556 566 600 644 711 759 802 829 839 903 968 1093 1137 1160 1201 1253 1311 1335 1345 1351 1401 1406 1498 1516 1589 1733 1825 1858 1979 
8 13 18 20 24 31 100 117 147 158 165 215 283 374 390 437 440 457 468 509 778 803 942 949 1000 1049 1220 1271 1328 1351 1516 1673 1694 1980 
13 18 19 24 327 416 457 752 968 1010 1031 1083 1137 1195 1257 1280 1289 1294 1338 1405 1506 1520 1533 
2 8 13 19 20 24 31 42 46 66 85 109 163 182 216 219 230 236 261 277 282 310 335 356 380 386 416 422 440 457 469 475 484 505 554 567 575 581 602 627 644 649 690 711 717 720 750 754 822 824 844 850 861 925 942 949 950 966 998 1000 1049 1067 1076 1087 1093 1114 1199 1200 1217 1280 1305 1313 1359 1470 1482 1547 1571 1611 1653 1671 1691 1749 1801 1816 1828 1905 1930 1948 1984 
2 13 18 22 24 31 46 67 72 102 136 144 145 147 159 191 194 219 233 249 257 277 308 335 356 374 376 411 457 475 520 549 559 569 613 644 661 677 739 750 752 778 810 838 839 863 873 911 950 967 968 986 992 1033 1061 1078 1080 1162 1167 1179 1200 1238 1251 1327 1444 1451 1482 1497 1519 1601 1611 1744 1783 1825 1896 1911 1936 1974 
8 50 210 219 258 271 528 661 761 851 1154 1414 1482 1570 1828 
8 13 24 42 45 100 109 182 218 224 277 306 420 422 468 570 589 602 666 761 802 822 823 874 1111 1115 1208 1217 1432 1470 1555 1570 1601 1653 1720 1784 1801 1880 1936 1952 
13 15 24 72 100 158 317 355 374 380 386 411 423 509 578 632 696 754 786 1031 1136 1246 1274 1452 1464 
2 8 13 18 19 24 85 129 145 155 247 249 327 335 388 409 416 457 475 563 592 657 711 737 752 874 1010 1031 1051 1083 1091 1097 1137 1192 1195 1257 1280 1323 1338 1405 1406 1506 1516 1520 1533 1611 1700 1724 1733 1788 1836 
8 13 15 22 24 42 62 67 145 209 215 218 277 327 335 355 386 388 468 478 481 484 539 541 551 569 579 613 624 627 632 639 656 683 697 758 799 809 812 871 919 942 968 977 984 989 992 1029 1038 1093 1114 1115 1122 1167 1188 1203 1246 1283 1292 1311 1323 1351 1400 1444 1476 1506 1554 1579 1597 1668 1688 1706 1769 1828 1869 1877 1916 1993 
13 24 42 271 374 632 778 892 945 1018 1202 1397 1412 1476 1676 1877 1993 
2 8 31 75 109 143 147 215 258 302 355 374 388 402 441 522 539 550 591 623 658 687 761 862 911 943 977 992 1093 1144 1167 1347 1420 1499 1589 1653 1667 1692 1749 1824 1936 
2 8 15 31 42 46 85 117 144 147 156 182 207 210 216 233 277 304 306 321 329 335 374 468 484 509 541 610 613 616 799 829 968 1102 1167 1202 1203 1206 1246 1253 1314 1335 1382 1422 1446 1482 1520 1533 1597 1609 1663 1755 1769 1864 1870 1934 
9 54 155 182 276 386 399 457 557 675 881 918 942 1061 1167 1265 1476 1575 1611 1613 1638 
2 8 13 19 20 24 250 390 419 557 607 661 784 912 1033 1083 1138 1154 1195 1257 1280 1338 1669 1828 
2 8 13 18 19 20 24 46 67 100 109 114 142 147 172 230 271 282 294 327 335 376 386 390 466 481 528 575 627 650 661 750 752 803 823 986 990 1010 1106 1122 1154 1179 1200 1253 1283 1313 1317 1480 1504 1636 1687 1696 1788 1824 1948 
8 13 24 50 97 126 161 218 219 276 606 607 661 711 809 871 873 933 968 987 1091 1188 1212 1248 1257 1338 1356 1385 1482 1514 1556 1599 1845 1876 1879 
50 72 87 388 411 454 682 697 761 836 975 1137 1228 1238 1314 1327 1476 1482 1570 1613 1682 1700 1720 1803 1950 
2 8 13 18 24 31 67 73 102 125 163 190 201 258 313 376 540 541 570 624 627 654 664 761 776 799 802 810 854 918 942 982 1038 1056 1093 1122 1135 1273 1314 1338 1351 1420 1446 1677 1880 1903 
13 15 22 24 31 33 46 47 109 126 163 167 216 320 374 376 390 461 490 501 517 521 527 540 566 607 613 650 661 676 711 752 802 842 920 928 942 944 989 991 1038 1076 1078 1087 1098 1188 1280 1303 1333 1359 1432 1476 1533 1589 1641 1672 1673 1688 1820 1854 1881 
2 102 215 277 278 403 445 457 468 559 864 942 1010 1093 1265 1570 1573 1878 
2 102 216 427 443 457 468 469 513 623 632 666 799 925 977 1010 1049 1118 1246 1280 1406 1554 1571 1601 1724 1788 1878 
8 31 42 46 72 104 122 124 158 277 294 335 386 388 428 484 509 551 575 613 616 627 711 861 911 964 984 986 1167 1200 1242 1335 1359 1504 1613 1631 1676 1695 1743 1828 1911 1947 
2 8 13 18 20 31 137 145 212 230 241 277 280 292 376 464 547 608 732 756 761 871 1014 1122 1144 1192 1206 1335 1352 1464 1497 1539 1556 1603 1607 1720 
2 13 18 19 20 50 67 102 109 172 182 216 224 241 258 271 277 327 338 376 379 380 388 402 457 468 481 505 540 559 568 570 589 616 639 645 654 704 711 737 750 839 942 966 1005 1031 1093 1120 1137 1154 1167 1203 1206 1234 1238 1246 1412 1480 1482 1539 1570 1620 1706 1725 1728 1824 1858 1903 1921 1950 1992 
20 31 50 100 112 124 147 219 256 277 302 326 329 457 522 654 756 837 873 968 1010 1063 1111 1137 1167 1377 1393 1419 1433 1497 1530 1614 1663 1686 1744 
13 19 93 216 241 369 374 388 475 505 579 614 732 874 1122 1192 1228 1464 1530 1566 1706 1774 
8 13 19 42 66 67 143 152 211 215 241 249 329 428 518 519 522 639 661 664 666 732 756 942 967 968 1038 1138 1144 1206 1437 1499 1588 1603 1646 1696 1789 1864 1873 1951 1974 
2 15 20 22 117 122 277 600 970 1288 1587 
2 13 24 143 163 650 785 925 1138 1160 1192 1482 1506 1609 
2 8 15 18 19 20 31 46 66 67 109 165 238 255 335 373 388 408 428 469 475 481 505 522 557 610 836 890 907 949 987 990 1033 1045 1122 1444 1936 1979 
102 145 329 513 664 919 977 1347 1769 1824 
2 8 13 15 19 20 24 46 79 109 112 122 163 182 216 230 243 261 264 277 282 335 376 380 468 567 581 627 690 697 704 711 742 749 750 838 844 863 950 966 1093 1098 1101 1114 1128 1165 1179 1200 1242 1248 1252 1265 1313 1391 1470 1482 1511 1661 1676 1799 1869 1953 1993 
7 13 24 34 62 72 76 79 87 158 219 233 241 335 388 396 484 504 505 516 569 645 684 697 728 839 873 874 942 944 964 1031 1076 1137 1163 1206 1224 1256 1265 1332 1413 1488 1512 1517 1570 1613 1769 1855 1876 1896 1929 
19 22 42 100 137 190 209 216 218 246 327 335 453 551 566 613 690 786 942 968 1002 1079 1098 1115 1147 1214 1222 1321 1374 1432 1446 1497 1516 1855 1913 1952 1992 
2 8 18 19 20 22 31 42 46 49 76 95 100 110 210 268 277 306 308 380 457 468 486 520 540 551 625 632 646 710 711 756 761 784 790 950 1045 1053 1141 1167 1222 1248 1265 1295 1430 1435 1481 1506 1597 1622 1661 1673 1686 1696 1769 1803 1945 
2 51 67 109 122 124 159 163 233 249 264 327 335 339 356 388 403 428 444 457 468 484 493 554 644 645 701 742 803 886 913 919 920 942 977 1024 1137 1165 1220 1355 1464 1509 1547 1598 1671 1724 1769 
8 240 369 380 475 974 1021 1038 1040 1511 1879 1894 
2 13 24 46 122 158 191 233 292 356 428 481 484 505 569 614 639 701 711 874 942 966 976 1217 1332 1392 1401 1506 1571 1722 1828 1896 
15 22 42 329 445 558 666 737 752 761 789 1338 1492 1601 1663 
8 19 102 216 257 327 427 469 600 610 654 733 754 903 1160 1203 1246 1482 1525 1620 1733 1791 1950 
2 8 18 40 45 66 67 102 145 202 209 250 277 292 327 329 359 379 388 457 475 556 613 616 624 627 711 716 759 776 809 829 871 874 913 915 943 966 968 990 1011 1031 1033 1038 1040 1072 1087 1093 1182 1192 1206 1222 1289 1303 1308 1327 1413 1480 1482 1497 1522 1524 1570 1587 1640 1663 1682 1706 1786 1814 1824 1880 1903 1936 1974 
2 8 13 24 46 50 75 102 109 131 158 172 182 209 241 277 306 317 359 379 390 440 472 481 482 484 567 569 571 639 644 650 654 658 684 919 942 968 991 1051 1089 1093 1217 1227 1506 1511 1587 1824 1936 1979 1992 
2 8 13 15 20 22 24 47 85 87 145 158 172 240 261 316 327 330 388 443 452 490 548 657 671 711 720 733 742 968 977 1010 1056 1116 1135 1252 1391 1432 1464 1545 1652 1672 1769 1881 
2 13 20 22 33 46 50 87 89 102 117 143 191 216 241 243 266 335 475 517 522 545 616 733 775 778 863 880 907 944 958 1165 1183 1221 1530 1652 1686 1749 1803 1866 1950 1968 
15 19 42 172 258 264 329 386 422 573 654 711 761 855 1029 1051 1111 1203 1407 1476 1519 1903 1920 
13 24 38 255 277 364 457 752 759 1402 1718 
13 15 18 24 33 100 102 109 158 163 182 249 261 277 327 390 457 469 513 518 536 540 573 585 600 616 618 632 645 650 711 733 800 809 817 838 841 849 863 914 977 991 1000 1031 1080 1093 1098 1192 1259 1497 1514 1520 1585 1594 1622 1652 1667 1672 1749 1797 1866 1875 1915 1921 1950 
2 8 13 22 41 67 163 241 249 443 524 558 614 863 925 977 1215 1451 1520 1571 1688 
2 8 15 20 22 31 46 109 122 124 161 219 238 255 257 265 376 408 445 475 505 540 987 1118 1217 1387 1401 1416 1498 
2 8 13 15 19 31 42 72 104 117 143 215 219 241 257 277 292 369 376 379 386 403 469 569 610 671 683 711 750 797 863 913 942 949 1045 1058 1091 1102 1137 1141 1206 1246 1280 1571 1572 1575 1637 1673 1732 1753 1934 1950 
2 8 13 15 20 22 24 33 47 67 87 95 117 143 145 163 164 182 207 216 243 249 277 292 359 386 416 475 501 547 551 589 600 616 645 656 671 675 701 711 733 754 766 829 838 968 1000 1056 1061 1080 1083 1093 1122 1136 1137 1195 1257 1288 1355 1391 1427 1432 1464 1488 1497 1547 1671 1688 1732 1846 1855 1865 1875 1947 1974 
8 18 20 100 215 346 376 410 422 428 469 508 666 684 733 850 860 873 987 1010 1043 1051 1093 1118 1233 1248 1258 1356 1391 1406 1476 1573 1663 1741 1788 1834 1878 1934 1950 
2 18 19 22 67 102 216 264 327 475 585 662 750 775 865 1010 1093 1167 1179 1327 1412 1554 1563 1620 1732 1871 1882 
218 283 290 632 677 694 739 789 1002 1376 1997 
47 249 374 484 585 650 812 863 982 1010 1344 1816 1878 1916 
15 42 145 164 259 441 451 454 571 632 717 761 775 1010 1015 1040 1188 1258 1265 1382 1445 1451 1476 1519 1549 1572 1573 1737 1878 
15 675 977 987 1010 1181 1255 1297 1835 1878 
2 19 62 72 85 110 134 155 219 249 292 308 374 428 472 484 540 632 697 757 802 890 920 942 998 1010 1049 1056 1089 1091 1093 1138 1212 1222 1401 1424 1514 1515 1670 1676 1712 1724 1744 1878 1880 
29 102 207 236 327 411 457 509 513 632 711 911 1010 1155 1160 1246 1352 1415 1663 1878 1950 
13 15 22 24 207 249 369 386 443 452 539 804 912 968 1040 1162 1311 1427 1571 
2 8 15 19 22 42 45 56 67 72 85 87 98 102 104 107 109 112 124 125 143 147 155 182 187 207 215 216 226 233 238 240 248 249 261 264 282 329 335 338 359 373 374 376 380 386 388 399 402 403 422 437 441 443 444 445 452 454 457 465 472 481 493 509 513 518 522 526 539 540 547 550 557 566 575 585 600 607 610 620 623 632 644 649 650 656 657 661 662 666 671 687 696 702 703 711 716 720 750 751 754 778 784 785 797 813 829 838 842 854 873 888 907 930 942 950 958 968 977 1000 1005 1018 1049 1056 1061 1101 1102 1111 1116 1118 1119 1128 1136 1138 1149 1162 1175 1183 1188 1194 1201 1202 1203 1206 1220 1222 1246 1252 1258 1265 1280 1289 1292 1302 1314 1327 1344 1347 1401 1406 1414 1427 1444 1476 1480 1506 1509 1516 1522 1533 1543 1570 1587 1601 1609 1624 1626 1676 1688 1702 1708 1721 1732 1744 1797 1812 1814 1815 1816 1824 1835 1841 1895 1905 1950 1974 1987 
