141  : 1 36 44 46 54 55 80
13 484 1093  : 34 139 142 181
1051 1093  : 9 102 181 191
15 20  : 114 124 171 188
388 579  : 113 135 148 165
8 277 750  : 32 33 53 189
15  : 114 178 184 195 196 199
403  : 81 106 109 127 159 175
13  : 34 105 112 119 123 126 129 132 140 141 146 153 154 155 182 183 185 187 189 199
402  : 4 41 120 127 150
277 388 977  : 15 107 117 148
799  : 6 46 120 151 157
400  : 10 15 35 67 85
21 250 666  : 12 26 27 28 29 73
874 1601  : 2 76 127 145
1622  : 2 109 174 186
614  : 62 81 102 112 177
613  : 91 121 161 173
1570  : 6 58 93 110 112 115 122 123 127 144 145 156 159 172
1351  : 62 126 139 140 148 157
8 277  : 33 107 117 119 126 129 161 174 181 190
374 650  : 20 102 158 194
564  : 15 21 55 81
1093 1570  : 58 159 163 180
21 402  : 12 64 71 72 89
21 400  : 10 18 38 60 80
1614  : 81 100 133 164
125  : 8 24 84 98 157
124  : 2 41 61 161 175 188
122  : 65 108 111 161 167 175 177
2 122  : 125 167 175 177
711 1950  : 10 118 186 189 198
402 1093  : 24 122 139 150 163
1083 1195 1257  : 101 114 121 141 190
600  : 31 117 131 133 139 167 190
8 484  : 82 115 148 151 181
1828  : 39 153 161 177
338  : 2 68 104 163
1 21 27 666 932  : 25 26 28 29
113  : 10 63 66 78
21 70  : 2 11 16 17 43 83
21 329 932  : 2 26 28 29
1997  : 44 108 122 193
8 522  : 53 106 108 150 166 169
21 124  : 2 38 46 60 92
1338  : 22 63 102 105 121 129 141 147 153 155 178
8 277 942  : 56 126 148 181
1118  : 4 160 188 191
810  : 2 39 65 157
8 540 711  : 13 119 132 174
984  : 52 107 117 148 161
402 711  : 4 122 139 163
329  : 1 50 86 113 170
327  : 23 105 141 179
13 1192  : 34 121 147 162 165 168
761  : 73 115 156 162 174
542  : 20 79 84 93
102  : 68 108 122 135 139 143 159 160 170 179 181 192 198
101  : 1 22 83 123
388 977  : 15 150 182 200
1986  : 3 11 17 24 37 49 69 76 92 95
21 1118  : 4 60 69 88 93
13 24  : 105 145 149 199
277  : 1 15 32 84 159 167 181 185
264 1093  : 58 135 139 171 192
21 113  : 10 11 17 99
1327  : 56 90 116 121
122 968  : 65 125 135 138
8 249  : 82 131 187 190
977  : 5 120 148 150 182 186 187 196
329 400 666  : 20 33 34 96
329 968  : 87 95 137 164 166
756  : 23 162 164 166
21 57  : 2 19 45 74
216 1154  : 77 118 121 122
329 1601  : 1 62 73 178
310  : 16 65 86 142
484  : 34 104 120 128 161 175 194
264  : 23 50 52 54 58 108 112 120
1533  : 50 103 105 141 158
8 457  : 82 126 140 180
600 942  : 31 109 111 114
966  : 113 116 119 177
968 1338  : 71 121 141 155
1049  : 9 85 137 160
696  : 23 25 42 78
695  : 23 47 96 101
87  : 98 156 182 183 190
8 711  : 13 128 131 139 142 147 155 161 171 182 189 190
693  : 21 106 107 108 111 125 135 138
256  : 3 12 60 137 164
250  : 4 101 105 112 136 153
8 666  : 13 50 166 191
666 874  : 12 21 100 145
8 661  : 82 136 144 153
1696  : 16 109 118 126 154 166 174
141 1093  : 14 24 67 107 117
950  : 23 32 82 143
125 224  : 8 13 25 88
1033  : 20 104 109 121 153 169
79  : 61 84 98 119 171
468  : 44 102 104 128 132 137 145 151 160 174
784 1669  : 97 101 105 136 153
465  : 21 61 109 114 117
247  : 39 95 99 147
1514  : 11 119 125 132 155
1482 1609  : 29 32 129 168
264 553  : 91 108 122 135
944  : 27 131 172 183
1246  : 76 110 151 179 189 198
380 977  : 99 117 137 200
1026  : 3 7 15 100
1948  : 3 102 108 131 135 142 154
457  : 82 141 159 160 163 164 185 198
277 942  : 42 126 148 159 163 181 189
21 250 329  : 4 26 27 28 29
329 666  : 5 20 33 86 166
1724  : 5 135 147 197
1506  : 6 105 111 137 141 168 174 177
62  : 38 109 117 148 172 197
1192  : 12 57 95 109 162 168 186
8 209  : 50 53 107 125 148 181
1676  : 8 14 20 47 82 132 171
711 1093  : 9 135 139 163 171 186 190
1238  : 60 128 156 163
2 8 19 20  : 106 132 153 171
1018  : 6 8 33 81 149
711  : 1 103 131 147 155 158 182 198
484 1093  : 34 102 122 197
327 711  : 23 147 163 198
2 711  : 103 110 130 132 139 171 177 189
1010  : 105 194 195 196
182 711  : 30 131 171 186
1936  : 87 108 127 131 145 169
1188  : 77 93 148 155
664  : 48 63 116 138 157 166 170
329 666 1601  : 5 21 96 178
13 1093  : 34 135 163 171
277 711  : 1 128 139 161 171 174
661  : 2 101 105 110 111 120 136 144 153 154 155 158
991 1093  : 58 102 181 186
1181  : 56 71 91 196
57 540  : 22 64 67 77 98
1668  : 39 71 87 96
250 784  : 37 101 105 136 153
175  : 53 63 65 89
1880  : 90 134 145 197
216 711  : 45 119 131 139 142 171
141 402  : 4 24 59 117
540 711  : 13 104 158 186
1220  : 1 38 41 60 140
20 22  : 116 128 129 167 182
874  : 2 32 122 147 165 172 177
666 1950  : 20 31 46 191
8 141  : 13 56 107 117
216  : 29 131 165 183 192
215  : 35 106 120 139 140 148 150 159 189
650  : 20 106 120 154 168 181
41  : 8 28 83 187
40  : 6 11 17 24 47 67 73 92 99
215 666  : 35 166 191 200
386  : 8 30 104 117 118 122 130 139 142 152 184 189 199
21 224  : 38 45 71 88
380  : 40 81 99 104 115 118 119 122 132 142 146 163 171 174 176
607 987  : 79 101 122 155
8  : 13 53 82 102 106 108 148 150 162 169 176 179 187
942 968  : 7 112 166 173
21 57 141  : 4 18 25 74
428  : 26 106 109 161 169 177
863  : 62 110 111 132 183 189 194
209  : 40 107 123 125 173
1167  : 71 152 161 192
2  : 103 106 109 112 115 117 120 121 124 125 126 143 153 157 159 162 167 168 169 187 188 192 197
277 380  : 78 104 117 119 124 132 171 174
420  : 23 53 109 145
202  : 3 89 107 180
30  : 15 43 46 75
141 1482  : 55 56 67 107
376  : 26 115 123 154 157 188
374  : 20 45 64 114 117 122 123 125 128 146 150 165
21 212  : 5 9 43 93
8 209 277  : 53 107 117 181
216 380  : 81 118 119 122 132 142 163 171
2 374  : 123 150 151 197
13 24 1506  : 105 168 177 181
1420  : 11 70 115 150
21 212 329 666 932  : 5 26 27 28
1200  : 36 41 82 132 154 161
28  : 6 35 62 79
27  : 6 45 56 84
1374  : 21 23 36 39 173
422 711  : 43 104 142 184
632  : 8 11 17 26 32 160 174 186 193 195 198
1154  : 12 77 125 144 154
277 1093  : 32 74 84 159
21  : 2 31 80 99
8 1154  : 13 115 125 144 154
468 942  : 44 118 140 148 159 163
147  : 29 140 150 154
145  : 41 110 134 147 162 170 182 190
1631  : 41 103 108 135 138
 : 1 8 19 31 35 61 63 70 81 82 85 90 94 99 101 102 105 106 108 109 112 114 115 116 121 136 141 144 146 149 152 153 154 156 165 169 173 176 179 188 192 193 196 197
