141  : 7
13 484 1093  : 4
1051 1093  : 4
15 20  : 4
388 579  : 4
8 277 750  : 4
15  : 6
403  : 6
13  : 20
402  : 5
277 388 977  : 4
799  : 5
400  : 5
21 250 666  : 6
874 1601  : 4
1622  : 4
614  : 5
613  : 4
1570  : 14
1351  : 6
8 277  : 10
374 650  : 4
564  : 4
1093 1570  : 4
21 402  : 5
21 400  : 5
1614  : 4
125  : 5
124  : 6
122  : 7
2 122  : 4
711 1950  : 5
402 1093  : 5
1083 1195 1257  : 5
600  : 7
8 484  : 5
1828  : 4
338  : 4
1 21 27 666 932  : 4
113  : 4
21 70  : 6
21 329 932  : 4
1997  : 4
8 522  : 6
21 124  : 5
1338  : 11
8 277 942  : 4
1118  : 4
810  : 4
8 540 711  : 4
984  : 5
402 711  : 4
329  : 5
327  : 4
13 1192  : 6
761  : 5
542  : 4
102  : 13
101  : 4
388 977  : 4
1986  : 10
21 1118  : 5
13 24  : 4
277  : 8
264 1093  : 5
21 113  : 4
1327  : 4
122 968  : 4
8 249  : 4
977  : 8
329 400 666  : 4
329 968  : 5
756  : 4
21 57  : 4
216 1154  : 4
329 1601  : 4
310  : 4
484  : 7
264  : 8
1533  : 5
8 457  : 4
600 942  : 4
966  : 4
968 1338  : 4
1049  : 4
696  : 4
695  : 4
87  : 5
8 711  : 12
693  : 8
256  : 5
250  : 6
8 666  : 4
666 874  : 4
8 661  : 4
1696  : 7
141 1093  : 5
950  : 4
125 224  : 4
1033  : 6
79  : 5
468  : 10
784 1669  : 5
465  : 5
247  : 4
1514  : 5
1482 1609  : 4
264 553  : 4
944  : 4
1246  : 6
380 977  : 4
1026  : 4
1948  : 7
457  : 8
277 942  : 7
21 250 329  : 5
329 666  : 5
1724  : 4
1506  : 8
62  : 6
1192  : 7
8 209  : 6
1676  : 7
711 1093  : 7
1238  : 4
2 8 19 20  : 4
1018  : 5
711  : 8
484 1093  : 4
327 711  : 4
2 711  : 8
1010  : 4
182 711  : 4
1936  : 6
1188  : 4
664  : 7
329 666 1601  : 4
13 1093  : 4
277 711  : 6
661  : 12
991 1093  : 4
1181  : 4
57 540  : 5
1668  : 4
250 784  : 5
175  : 4
1880  : 4
216 711  : 6
141 402  : 4
540 711  : 4
1220  : 5
20 22  : 5
874  : 7
666 1950  : 4
8 141  : 4
216  : 5
215  : 9
650  : 6
41  : 4
40  : 9
215 666  : 4
386  : 13
21 224  : 4
380  : 15
607 987  : 4
8  : 13
942 968  : 4
21 57 141  : 4
428  : 6
863  : 7
209  : 5
1167  : 4
2  : 23
277 380  : 8
420  : 4
202  : 4
30  : 4
141 1482  : 4
376  : 6
374  : 12
21 212  : 4
8 209 277  : 4
216 380  : 8
2 374  : 4
13 24 1506  : 4
1420  : 4
21 212 329 666 932  : 4
1200  : 6
28  : 4
27  : 4
1374  : 5
422 711  : 4
632  : 11
1154  : 5
277 1093  : 4
21  : 4
8 1154  : 5
468 942  : 6
147  : 4
145  : 8
1631  : 5
 : 44
