1 21 27 666 932  : 4
21 212 329 666 932  : 4
2 8 19 20  : 4
13 484 1093  : 4
8 277 750  : 4
277 388 977  : 4
21 250 666  : 6
1083 1195 1257  : 5
21 329 932  : 4
8 277 942  : 4
8 540 711  : 4
329 400 666  : 4
21 250 329  : 5
329 666 1601  : 4
21 57 141  : 4
8 209 277  : 4
13 24 1506  : 4
1051 1093  : 4
15 20  : 4
388 579  : 4
874 1601  : 4
8 277  : 10
374 650  : 4
1093 1570  : 4
21 402  : 5
21 400  : 5
2 122  : 4
711 1950  : 5
402 1093  : 5
8 484  : 5
21 70  : 6
8 522  : 6
21 124  : 5
402 711  : 4
13 1192  : 6
388 977  : 4
21 1118  : 5
13 24  : 4
264 1093  : 5
21 113  : 4
122 968  : 4
8 249  : 4
329 968  : 5
21 57  : 4
216 1154  : 4
329 1601  : 4
8 457  : 4
600 942  : 4
968 1338  : 4
8 711  : 12
8 666  : 4
666 874  : 4
8 661  : 4
141 1093  : 5
125 224  : 4
784 1669  : 5
1482 1609  : 4
264 553  : 4
380 977  : 4
277 942  : 7
329 666  : 5
8 209  : 6
711 1093  : 7
484 1093  : 4
327 711  : 4
2 711  : 8
182 711  : 4
13 1093  : 4
277 711  : 6
991 1093  : 4
57 540  : 5
250 784  : 5
216 711  : 6
141 402  : 4
540 711  : 4
20 22  : 5
666 1950  : 4
8 141  : 4
215 666  : 4
21 224  : 4
607 987  : 4
942 968  : 4
277 380  : 8
141 1482  : 4
21 212  : 4
216 380  : 8
2 374  : 4
422 711  : 4
277 1093  : 4
8 1154  : 5
468 942  : 6
